[2982, 585018] [15218, 565991]
[15882, 565035] [28124, 543997]
[28996, 543006] [97011, 512960]
[97700, 512010] [102055, 480944]
[102993, 480093] [127015, 467974]
[127873, 467964] [132018, 472049]
[132949, 472020] [142053, 462998]
[142975, 462951] [173013, 466007]
[173998, 466872] [195024, 485068]
[142107, 462013] [139705, 423989]
[132758, 472985] [154043, 510048]
[154989, 510945] [156007, 511044]
[156016, 511910] [153879, 520008]
[195938, 485064] [233003, 454970]
[233965, 454017] [255006, 423866]
[255963, 423049] [297026, 416930]
[297067, 416023] [292863, 382962]
[292896, 382014] [313002, 355922]
[313969, 355018] [322092, 333987]
[322974, 333094] [357001, 324817]
[357025, 324038] [353973, 314985]
[357963, 324935] [370018, 350038]
[370987, 350870] [410011, 359024]
[353095, 314040] [337928, 271988]
[337945, 271142] [361010, 264998]
[322009, 333029] [290967, 293946]
[139026, 423996] [88997, 426166]
[88037, 426995] [58984, 439150]
[58001, 439986] [41968, 467029]
[41002, 467016] [18983, 464938]
[195982, 485870] [245024, 508045]
[245965, 508906] [285114, 550001]
[285974, 550979] [321014, 558120]
[285967, 550126] [314005, 503959]
[314957, 503072] [334005, 500718]
[334998, 500008] [371080, 466974]
[371999, 466077] [409026, 463968]
[409995, 463076] [416055, 452944]
[416986, 452100] [460007, 428859]
[460987, 428072] [477006, 414966]
[477914, 414133] [504076, 392955]
[504978, 392032] [526046, 357984]
[504039, 392051] [478944, 358994]
[478993, 358023] [482025, 355966]
[285009, 550931] [229996, 565016]
[229002, 565988] [221941, 588003]
[221325, 588993] [213973, 627003]
[213008, 627869] [202999, 634071]
[202001, 634889] [161999, 636217]
[161028, 636055] [136999, 630785]
[136007, 630000] [123840, 596960]
[213992, 627874] [256002, 652006]
[256986, 652110] [264014, 648983]
[264958, 648934] [282002, 653035]
[282998, 653015] [310034, 617972]
[310002, 617001] [309972, 616919]
[310979, 617979] [328101, 646010]
[328994, 646993] [340029, 686026]
[340996, 686849] [368009, 692089]
[368966, 692902] [404032, 705014]
[404907, 705950] [421005, 716023]
[421978, 716994] [447011, 726033]
[447962, 726886] [455039, 734074]
[404995, 705028] [424005, 678978]
[455996, 734032] [491007, 712983]
[491934, 712999] [516055, 726002]
[516994, 726012] [545011, 712902]
[545642, 712004] [546025, 678999]
[546986, 678863] [576039, 694084]
[576950, 694975] [591010, 704119]
[591257, 704987] [584968, 734009]
[584058, 734995] [570998, 763048]
[546946, 678000] [547495, 644997]
[547942, 644093] [561074, 627999]
[547021, 644010] [527934, 625982]
[570949, 763998] [580028, 796002]
[580979, 796787] [589015, 798252]
[580037, 796971] [555988, 815021]
[555015, 815056] [536942, 783962]
[536022, 783008] [529971, 778969]
[527256, 625002] [523935, 587998]
[523014, 587897] [505975, 593043]
[505030, 593006] [497972, 589946]
[523120, 587024] [519821, 556994]
[519974, 556023] [537010, 538945]
[584968, 734946] [617026, 757044]
[617975, 757007] [651007, 740974]
[651964, 740917] [662020, 757025]
[497019, 589931] [472893, 622029]
[472063, 622011] [458973, 618861]
[458014, 618975] [430991, 620222]
[430028, 620006] [426989, 606965]
[426005, 606296] [391990, 604883]
[529004, 778273] [484992, 774900]
[484012, 774942] [446991, 805127]
[446962, 805941] [459096, 825028]
[459995, 825854] [503001, 829000]
[446030, 805121] [401998, 789879]
[401022, 789012] [392910, 759977]
[401001, 789996] [380911, 815017]
[392002, 759845] [355950, 767052]
[355015, 767016] [335988, 759953]
[335000, 759855] [303997, 760265]
[303013, 760977] [257980, 766005]
[257027, 766038] [209997, 758901]
[209041, 758948] [188993, 763025]
[209203, 758979] [205789, 783006]
[188037, 763034] [169935, 724921]
[169910, 724018] [176004, 705992]
[169017, 724114] [141938, 711943]
[141066, 711002] [140812, 694995]
[140991, 694066] [146075, 690999]
[140014, 694778] [114984, 701015]
[114001, 701945] [111997, 704011]
[114097, 701027] [112972, 695965]
[112691, 695000] [115064, 679970]
[111015, 704965] [85999, 710039]
[85002, 710983] [75980, 712181]
[75072, 712056] [49985, 681924]
[49140, 681001] [44912, 659997]
[176934, 705112] [215021, 683931]
[662997, 757746] [711013, 760103]
[711970, 760023] [723036, 741976]
[723134, 741001] [717887, 696998]
[426166, 606002] [425866, 555994]
[425999, 555067] [434024, 549957]
[425019, 555121] [411998, 547987]
[411020, 547122] [405867, 540983]
[405014, 540949] [393933, 548002]
[405986, 540044] [423147, 520992]
[423987, 520125] [441021, 512967]
[434992, 549065] [467011, 541825]
[711083, 760991] [703899, 811008]
[717060, 696037] [690908, 650933]
[690068, 650969] [673918, 664019]
[690102, 650015] [676948, 629962]
[676986, 629020] [695014, 624971]
[673009, 664012] [639997, 658985]
[639025, 658012] [625919, 627980]
[625987, 627030] [629002, 623941]
[629981, 623062] [650025, 598996]
[650895, 598014] [655039, 574995]
[650968, 598116] [678015, 593918]
[678998, 593222] [698006, 589771]
[655080, 574030] [637902, 534957]
[637015, 534937] [624999, 537295]
[624129, 537001] [604989, 503966]
[604965, 503028] [607043, 483994]
[607001, 483056] [577981, 474994]
[577020, 474879] [565948, 487012]
[565003, 487016] [557998, 476974]
[557006, 476985] [548945, 483043]
[557031, 476016] [535981, 450937]
[535994, 450020] [549033, 437946]
[607999, 483561] [648004, 483322]
[648984, 483828] [668000, 484115]
[668998, 484990] [687007, 529003]
[717905, 696055] [763012, 668966]
[763002, 668011] [762813, 655981]
[762053, 655066] [745994, 649890]
[762977, 655029] [775163, 608996]
[775719, 608016] [777237, 573999]
[777022, 573009] [771796, 538997]
[771030, 538001] [754994, 511838]
[775995, 608911] [818005, 610558]
[818983, 610049] [824074, 601980]
[824973, 601991] [844036, 609158]
[844840, 609980] [853007, 629013]
[771970, 538058] [813069, 514967]
[813884, 514032] [823140, 485959]
[823996, 485151] [851003, 484997]
[823836, 485007] [827159, 436999]
[827018, 436065] [807995, 421826]
[827969, 436052] [850005, 398978]
[850056, 398000] [831958, 369996]
[831941, 369015] [835025, 356981]
[850952, 398996] [875090, 433026]
[850989, 398112] [892039, 389840]
[892687, 389004] [893082, 353997]
[893997, 353929] [923013, 359131]
[923998, 359118] [964012, 342946]
[964994, 342006] [976056, 329990]
[976800, 329005] [977505, 306995]
[977888, 306035] [986055, 290979]
[964974, 342991] [966058, 376007]
[966932, 376933] [993016, 384045]
[977003, 306525] [931994, 308123]
[931009, 308351] [907999, 307911]
[75059, 712982] [43998, 758060]
[43005, 758093] [21998, 745915]
[21033, 745956] [10939, 757010]
[10983, 757987] [11125, 771007]
[43972, 758929] [73063, 788020]
[907046, 307061] [878986, 259999]
[668427, 484009] [670313, 428991]
[853967, 629946] [896000, 667008]
[896942, 667926] [903193, 676002]
[896977, 667010] [911013, 635951]
[911990, 635856] [943019, 637274]
[896018, 667971] [861917, 688016]
[911194, 635002] [900693, 591995]
[861941, 688981] [890017, 729017]
[890996, 729255] [941004, 724710]
[941994, 724042] [956201, 689998]
[956988, 689812] [989067, 702011]
[900971, 591035] [929024, 541997]
[929990, 541581] [951005, 541444]
[951997, 541152] [975012, 539915]
[975001, 539020] [959863, 493968]
[959996, 493027] [961015, 491883]
[961649, 491010] [962275, 464982]
[962023, 464059] [935999, 451909]
[935928, 451039] [944029, 439972]
[851844, 484986] [865018, 540009]
[205993, 783995] [235008, 833062]
[235180, 833987] [230983, 841046]
[235974, 833067] [270010, 829866]
[270988, 829235] [281000, 827840]
[281919, 827999] [291021, 836023]
[291035, 836983] [287966, 847037]
[287948, 847844] [296042, 855042]
[296952, 855976] [318004, 870022]
[318978, 870235] [333027, 867974]
[333991, 867873] [362011, 886034]
[230992, 841935] [253088, 868062]
[230001, 841753] [190998, 842324]
[362998, 886943] [402006, 923161]
[402930, 923993] [418020, 938120]
[418902, 938996] [422004, 946025]
[703001, 811936] [679926, 864066]
[679976, 864939] [718024, 895082]
[718990, 895093] [728037, 893771]
[718086, 895999] [704915, 930015]
[704976, 930974] [722008, 938014]
[704000, 930999] [675997, 938180]
[675920, 938970] [681235, 964009]
[681016, 964871] [654996, 972093]
[654003, 972977] [646997, 982004]
[675002, 938010] [643931, 909940]
[643004, 909916] [619991, 913014]
[619029, 913004] [611986, 877994]
[482824, 355014] [487048, 297977]
[487696, 297005] [488235, 282997]
[488954, 282082] [515019, 269947]
[488021, 282939] [457975, 287174]
[515996, 269930] [538100, 292073]
[515052, 269014] [489842, 240934]
[489004, 240032] [461973, 234899]
[461057, 234032] [448789, 200988]
[448131, 200017] [413908, 168972]
[413039, 168146] [372988, 159850]
[372003, 159032] [350975, 150979]
[372031, 159928] [348900, 199017]
[348023, 199975] [317973, 213100]
[807001, 421977] [752986, 443042]
[728959, 893004] [756055, 840882]
[756988, 840903] [801010, 850095]
[801933, 850980] [815008, 888023]
[815042, 888914] [787987, 905015]
[787862, 905988] [790028, 924008]
[801976, 850095] [826002, 816896]
[790954, 924987] [832017, 932025]
[832967, 932988] [866009, 949029]
[866991, 949006] [869495, 912996]
[826990, 816967] [855077, 855009]
[866954, 949990] [881027, 998065]
[752437, 443002] [753056, 383996]
[753002, 383143] [706997, 363968]
[73088, 788979] [67897, 848021]
[67000, 848951] [37939, 859106]
[37015, 859993] [35833, 894014]
[35990, 894987] [64006, 900113]
[64914, 900018] [71019, 885996]
[64102, 900978] [60904, 926017]
[60005, 926961] [40994, 942113]
[40028, 942183] [17999, 932898]
[40046, 942914] [23965, 972037]
[37015, 859993] [3987, 869042]
[60998, 926959] [82030, 954040]
[82989, 954559] [84002, 954540]
[23981, 972941] [53017, 999038]
[71979, 885986] [110029, 898040]
[110946, 898025] [113097, 887988]
[84973, 954092] [124019, 941848]
[350999, 150037] [375156, 93992]
[375001, 93107] [347999, 88997]
[347052, 88004] [330945, 39991]
[330016, 39138] [316971, 35991]
[330974, 39021] [365022, 7967]
[365977, 7991] [374052, 20041]
[316037, 35992] [272998, 55083]
[272778, 55995] [286052, 105033]
[286991, 105969] [288007, 106141]
[619009, 913995] [559961, 932062]
[559056, 932009] [543958, 924979]
[543017, 924990] [532965, 963037]
[532024, 963109] [508983, 961979]
[508061, 961911] [498974, 970016]
[526990, 357187] [588039, 342909]
[588989, 342946] [602040, 350115]
[602970, 350066] [626027, 323915]
[626972, 323047] [658077, 302907]
[658985, 302016] [667008, 299906]
[835017, 356015] [798969, 303940]
[798962, 303030] [806001, 268991]
[806003, 268143] [786998, 263919]
[786026, 263772] [773983, 270064]
[773156, 270003] [769939, 262997]
[769014, 262012] [737997, 261821]
[737020, 261040] [708985, 248934]
[708010, 248127] [674997, 220950]
[674940, 220008] [721071, 189933]
[721953, 189004] [741060, 175975]
[741947, 175973] [750056, 205013]
[750978, 205087] [778012, 200674]
[741029, 175019] [736997, 141965]
[736008, 141807] [705997, 145003]
[705000, 145021] [685982, 90870]
[685977, 90013] [686594, 80997]
[685014, 90077] [666979, 87909]
[686960, 80026] [725014, 31991]
[725886, 31989] [748075, 67004]
[748947, 67970] [800017, 87205]
[800871, 87996] [802063, 99021]
[802984, 99858] [833014, 115020]
[833947, 115006] [882045, 86963]
[882980, 86969] [901030, 103044]
[901956, 103016] [913181, 75981]
[913994, 75092] [924017, 72937]
[924997, 72857] [948009, 72747]
[948993, 72659] [974008, 71912]
[901783, 103971] [902138, 153004]
[666014, 87029] [608979, 60968]
[608014, 60986] [601952, 77000]
[608024, 60021] [595977, 41970]
[595010, 41802] [585988, 41793]
[595981, 41004] [596049, 21994]
[832165, 932993] [814813, 994008]
[448959, 200014] [481024, 144970]
[481994, 144142] [492009, 142685]
[492936, 142973] [518026, 177040]
[518956, 177999] [556003, 216047]
[556952, 216982] [600041, 249021]
[272060, 55033] [224943, 8950]
[224002, 8990] [168967, 18012]
[168955, 18953] [185078, 53010]
[185999, 53924] [200007, 80037]
[185028, 53924] [145994, 60163]
[145948, 60982] [152046, 87006]
[152930, 87990] [164006, 109009]
[164019, 109898] [148953, 124054]
[152015, 87031] [118994, 82946]
[148002, 124959] [119997, 152043]
[119940, 152989] [129029, 161066]
[129039, 161978] [107998, 191017]
[107984, 191987] [117076, 215028]
[117090, 215996] [116089, 249007]
[116012, 249061] [98994, 247831]
[107028, 191101] [61999, 181944]
[61015, 181055] [38994, 179999]
[38980, 179007] [50116, 155985]
[38008, 179008] [9945, 157852]
[9942, 157004] [19000, 125985]
[19010, 125077] [6973, 101981]
[6998, 101086] [27050, 84968]
[27925, 84002] [31193, 52990]
[145026, 60078] [109993, 28987]
[200910, 80993] [223000, 142004]
[223081, 142995] [193986, 195046]
[193969, 195979] [196247, 222014]
[196091, 222993] [182997, 285032]
[182979, 285975] [186019, 313005]
[186007, 313933] [170997, 315404]
[182979, 285975] [212007, 288065]
[212975, 288110] [222009, 286865]
[186612, 313998] [187104, 360013]
[902998, 153976] [958042, 191050]
[958968, 191011] [996003, 152931]
[996033, 152032] [990983, 145986]
[855994, 855062] [912126, 808976]
[912955, 808926] [936061, 838053]
[936990, 838970] [940040, 851008]
[940980, 851078] [949118, 843978]
[940165, 851993] [937792, 869007]
[937860, 869987] [954074, 888024]
[954034, 888996] [945995, 909031]
[954911, 888004] [971074, 864987]
[945997, 909949] [995086, 942017]
[88187, 426021] [72942, 350979]
[72013, 350078] [54989, 345968]
[72990, 350004] [93021, 343972]
[54053, 345020] [30925, 326999]
[30000, 326965] [7993, 337067]
[30000, 326030] [8997, 262999]
[318018, 870990] [289986, 944016]
[289098, 944996] [279976, 996034]
[585013, 41007] [506997, 30905]
[506000, 30162] [474992, 22881]
[124930, 941990] [192092, 985050]
